-6.201859e-01 2.925967e-01 
-1.287935e+00 -1.457228e-01 
-1.574905e+00 -2.767909e-01 
-5.065096e-01 -1.126520e-01 
-4.221604e-01 -2.682672e-01 
-7.950965e-01 -2.008306e-01 
-5.502850e-01 -2.151842e-01 
-4.154034e-01 -1.797236e-01 
-4.896931e-01 2.529910e-01 
-4.502950e-01 2.698207e-02 
-1.428115e+00 -3.024977e-01 
-6.690530e-01 1.676069e-01 
-4.368593e-01 3.952878e-02 
-8.285288e-01 -1.324937e-01 
-1.560110e+00 2.062376e-01 
-1.245779e+00 -2.814895e-01 
-4.239356e-01 2.791679e-01 
-5.871137e-01 2.454810e-01 
-1.055617e+00 1.293430e-01 
-1.452900e+00 9.842588e-02 
-1.483311e+00 2.386860e-01 
-6.312021e-01 2.878535e-01 
-1.545748e+00 -3.167543e-01 
-5.559420e-01 3.158418e-01 
-4.228654e-01 2.097958e-01 
-5.941030e-01 3.131916e-01 
-1.194198e+00 -2.469367e-01 
-1.244651e+00 -1.583882e-01 
-1.274034e+00 3.468938e-02 
-7.152659e-01 -3.056478e-01 
-1.254195e+00 3.169599e-01 
-1.092955e+00 3.150141e-01 
-7.279490e-01 -3.149549e-01 
-1.560881e+00 -2.409192e-01 
-1.546334e+00 -4.192342e-02 
-1.161664e+00 2.175243e-01 
-1.555345e+00 -3.036661e-01 
-8.371700e-01 2.996733e-01 
-4.839770e-01 2.012904e-01 
-9.431936e-01 2.151602e-01 
-4.248599e-01 -2.898290e-01 
-1.583761e+00 -3.038560e-01 
-1.557909e+00 2.715559e-01 
-7.754816e-01 -3.158833e-01 
-1.362909e+00 -1.429708e-01 
-1.348992e+00 3.079693e-01 
-7.347741e-01 3.050976e-01 
-1.514112e+00 2.891934e-01 
-1.574145e+00 -1.888051e-01 
-4.308803e-01 -1.805331e-01 
-9.870939e-01 3.170287e-01 
-7.372273e-01 1.187366e-01 
-7.717475e-01 -2.303509e-01 
-4.333378e-01 -2.626848e-01 
-1.173177e+00 1.535155e-02 
-8.744983e-01 -2.499693e-01 
-1.460581e+00 3.153104e-01 
-9.225970e-01 2.966009e-01 
-5.793405e-01 -1.251546e-02 
-1.457604e+00 -2.726433e-01 
-1.464722e+00 2.890907e-01 
-8.536270e-01 3.163309e-01 
-1.102060e+00 2.942541e-01 
-1.454996e+00 -2.512420e-01 
-1.543709e+00 1.911846e-01 
-6.138800e-01 -3.070560e-01 
-1.516869e+00 3.130549e-01 
-1.517566e+00 2.803775e-01 
-7.026576e-01 2.967969e-01 
-5.215908e-01 3.162558e-02 
-1.557019e+00 -9.888998e-02 
-1.400715e+00 -2.478656e-02 
-1.294508e+00 -3.158035e-01 
-4.694953e-01 -4.147573e-02 
-8.099392e-01 2.934331e-01 
-4.448435e-01 -1.505703e-02 
-1.116986e+00 -2.055754e-01 
-4.251366e-01 -2.841009e-01 
-9.900244e-01 -3.140902e-01 
-5.416991e-01 2.078703e-01 
-1.086157e+00 2.796077e-01 
-4.158628e-01 -2.556511e-01 
-1.578205e+00 -3.147223e-01 
-4.376183e-01 5.742967e-02 
-4.290923e-01 -1.870782e-01 
-1.412131e+00 -1.742504e-01 
-8.305562e-01 -2.162826e-01 
-7.089558e-01 -3.153720e-01 
-1.399563e+00 -2.051274e-01 
-1.268293e+00 -2.117248e-01 
-1.584613e+00 -3.825245e-02 
-1.541857e+00 5.910571e-02 
-1.339939e+00 -2.522454e-01 
-1.471347e+00 -3.246996e-03 
-1.583161e+00 1.879331e-01 
-1.378132e+00 2.913338e-01 
-5.740065e-01 2.591036e-01 
-1.137017e+00 -2.878733e-01 
-5.722722e-01 2.528479e-01 
-5.308795e-01 2.844993e-01 
-1.343278e+00 1.940402e-01 
-4.183617e-01 -4.075131e-03 
-9.250748e-01 1.019192e-01 
-4.494188e-01 3.168292e-02 
-1.278628e+00 1.117645e-01 
-1.112558e+00 -3.060987e-01 
-4.157912e-01 -7.761424e-02 
-1.563497e+00 -1.876820e-01 
-7.326065e-01 -2.562626e-01 
-4.558126e-01 -2.242442e-01 
-5.242407e-01 2.203316e-01 
-4.226234e-01 -2.941508e-02 
-4.809887e-01 2.293693e-01 
-6.044838e-01 -3.122419e-01 
-1.197049e+00 1.055820e-02 
-7.848578e-01 -1.660364e-01 
-7.008302e-01 -1.945558e-01 
-7.686340e-01 2.755998e-01 
-4.581153e-01 1.726922e-01 
-7.998588e-01 -1.401292e-01 
-4.419398e-01 -1.001449e-01 
-6.016627e-01 2.913315e-01 
-1.565804e+00 1.375625e-01 
-1.385631e+00 3.099763e-01 
-1.455053e+00 -2.810949e-01 
-1.415054e+00 8.047823e-02 
-1.178227e+00 3.170621e-01 
-1.191665e+00 -3.121424e-01 
-1.211597e+00 -1.591175e-01 
-4.775871e-01 -3.018288e-01 
-1.563690e+00 -2.395856e-01 
-1.516927e+00 1.174752e-01 
-9.423118e-01 -6.154621e-02 
-6.706451e-01 1.806917e-01 
-1.040643e+00 -2.915752e-01 
-7.644385e-01 -3.130049e-01 
-9.923345e-01 3.078086e-01 
-7.406202e-01 -1.770026e-01 
-1.115025e+00 2.852290e-01 
-1.570300e+00 -2.357030e-02 
-1.509680e+00 -7.980232e-02 
-1.476241e+00 -2.058619e-01 
-1.446615e+00 -8.826813e-02 
-1.038047e+00 -5.841288e-02 
-4.471601e-01 8.818200e-02 
-6.719226e-01 3.144432e-01 
-4.618161e-01 -1.602770e-01 
-1.320910e+00 -2.999971e-02 
-1.537238e+00 -3.029612e-01 
-1.484389e+00 -3.021222e-01 
-9.312209e-01 2.907889e-01 
-5.183093e-01 -3.069793e-01 
-4.293976e-01 -3.080016e-01 
-5.548180e-01 -2.337316e-01 
-6.097679e-01 -3.155801e-01 
-1.333492e+00 2.464534e-01 
-4.615872e-01 2.086160e-01 
-4.392067e-01 2.613469e-01 
-4.158458e-01 2.208816e-01 
-1.582572e+00 -7.119133e-02 
-1.153066e+00 3.170116e-01 
-1.374425e+00 3.161765e-01 
-1.366875e+00 -1.479544e-01 
-1.577444e+00 3.466573e-02 
-5.916680e-01 3.073654e-01 
-5.711422e-01 -4.867694e-03 
-1.317497e+00 -3.316171e-02 
-1.444051e+00 -2.372174e-01 
-9.306836e-01 -1.310449e-01 
-9.996370e-01 -1.744413e-01 
-7.485365e-01 1.983083e-01 
-8.380391e-01 -1.055614e-01 
-8.563351e-01 -3.043243e-01 
-1.076712e+00 -1.799390e-01 
-8.172815e-01 -3.068957e-01 
-1.367457e+00 2.924433e-01 
-4.330008e-01 2.467667e-02 
-4.242490e-01 -2.231038e-01 
-1.299621e+00 -9.439707e-02 
-8.764703e-01 1.358047e-01 
-7.558359e-01 -2.323057e-01 
-1.420695e+00 2.863283e-01 
-5.877261e-01 2.941401e-01 
-1.583559e+00 2.284223e-01 
-4.744222e-01 3.161674e-01 
-1.023482e+00 -3.140716e-01 
-4.667353e-01 -1.748867e-01 
-1.321672e+00 3.118083e-01 
-4.283582e-01 -2.966905e-01 
-1.280733e+00 -1.961284e-02 
-1.099085e+00 3.014309e-01 
-1.251355e+00 3.548247e-02 
-4.845878e-01 -1.840757e-01 
-1.528852e+00 -3.075011e-01 
-1.055204e+00 -3.160185e-01 
-1.356273e+00 -6.458285e-03 
-1.418012e+00 1.608116e-01 
-1.581298e+00 -3.097511e-01 
-1.584604e+00 -9.868618e-02 
-1.499062e+00 3.119318e-01 
-4.872414e-01 -3.161454e-01 
-1.186703e+00 -2.960370e-01 
-1.175060e+00 1.560954e-01 
-1.579145e+00 1.009532e-01 
-1.179658e+00 1.170023e-01 
-1.055077e+00 -2.414880e-01 
-1.548094e+00 3.167164e-01 
-4.220951e-01 -1.442171e-01 
-1.428624e+00 -3.154384e-01 
-1.334517e+00 -1.947526e-01 
-1.564492e+00 -8.955528e-02 
-1.408920e+00 2.237430e-01 
-1.441802e+00 2.023840e-01 
-6.983025e-01 -2.279807e-01 
-1.578962e+00 -2.839905e-01 
-4.514897e-01 -2.795998e-01 
-7.946433e-01 2.798625e-01 
-4.438448e-01 1.944659e-02 
-1.159922e+00 3.094550e-01 
-6.475641e-01 -2.116677e-01 
-1.055333e+00 1.308935e-01 
-1.302946e+00 -2.342859e-01 
-5.289625e-01 -1.055024e-01 
-6.771135e-01 3.044811e-01 
-1.580208e+00 -1.836148e-01 
-1.562230e+00 -3.202488e-03 
-8.153188e-01 6.896983e-02 
-7.376020e-01 -3.171487e-01 
-1.115402e+00 -3.138116e-01 
-1.415838e+00 1.171226e-01 
-1.101345e+00 -7.110034e-02 
-7.445914e-01 -1.461401e-01 
-1.414016e+00 -1.919322e-01 
-1.378582e+00 -3.010621e-01 
-1.495044e+00 1.569504e-01 
-4.340395e-01 -2.064067e-01 
-1.150732e+00 3.468396e-02 
-1.553228e+00 -2.784048e-01 
-1.347366e+00 6.804289e-02 
-8.918710e-01 -1.796920e-01 
-4.492106e-01 -2.854000e-01 
-4.717047e-01 -1.468871e-01 
-1.053633e+00 -8.464298e-02 
-8.977586e-01 1.750401e-01 
-6.758561e-01 9.631754e-02 
-9.119175e-01 -1.008287e-01 
-1.247534e+00 2.476137e-01 
-1.418254e+00 -2.637436e-01 
-4.155369e-01 -1.560475e-01 
-5.112105e-01 -2.418944e-01 
-1.289328e+00 -3.010734e-01 
-7.045345e-01 -9.388159e-02 
-4.375777e-01 -3.145302e-01 
-8.187057e-01 2.342747e-01 
-1.314187e+00 -3.079168e-01 
-1.149992e+00 1.581048e-01 
-8.888703e-01 -3.171124e-01 
-1.123492e+00 -3.140602e-01 
-1.253075e+00 -2.791903e-01 
-1.379555e+00 -2.334297e-01 
-1.521629e+00 -1.018141e-01 
-1.273257e+00 -3.169868e-01 
-9.252420e-01 -1.603962e-01 
-1.525699e+00 2.904409e-01 
-1.375820e+00 7.496713e-02 
-1.080286e+00 1.978808e-01 
-1.275026e+00 -2.776007e-01 
-5.739252e-01 -2.516165e-01 
-7.023663e-01 2.533269e-01 
-1.076917e+00 -1.909037e-01 
-1.433037e+00 1.514722e-01 
-5.241688e-01 2.466005e-01 
-1.562502e+00 -1.190654e-01 
-6.647347e-01 3.116312e-01 
-1.357985e+00 2.210640e-02 
-1.084342e+00 -5.482945e-02 
-6.809674e-01 -2.882552e-01 
-5.716084e-01 -2.059431e-01 
-1.385958e+00 -1.876062e-01 
-6.875711e-01 -3.004583e-01 
-1.583079e+00 2.831642e-01 
-4.295715e-01 -1.738552e-01 
-1.430192e+00 3.148381e-01 
-1.572704e+00 -7.215045e-02 
-6.276272e-01 8.787923e-03 
-9.011004e-01 -1.684722e-01 
-1.266927e+00 1.523260e-01 
-7.832587e-01 -1.021280e-01 
-6.544692e-01 5.001028e-03 
-1.510068e+00 -2.340771e-02 
-4.393019e-01 -3.145980e-01 
-1.584486e+00 -3.059133e-01 
-5.750916e-01 -2.970621e-01 
-1.172515e+00 6.658697e-02 
-4.387804e-01 2.098159e-01 
-1.485447e+00 -7.048513e-02 
-6.314956e-01 1.658276e-01 
-9.553257e-01 1.771889e-01 
-4.201397e-01 -1.754832e-01 
-5.870828e-01 2.469966e-01 
-1.481977e+00 2.751406e-01 
-7.299792e-01 1.263035e-01 
-1.027952e+00 -2.367240e-01 
-4.802163e-01 3.098814e-01 
-5.943539e-01 3.140708e-01 
-4.865634e-01 -2.153790e-03 
-7.202317e-01 -2.521892e-01 
-1.030635e+00 2.631122e-01 
-9.419628e-01 -1.936480e-01 
-4.463613e-01 -3.101029e-01 
-1.236579e+00 -3.069572e-01 
-1.095696e+00 1.575329e-01 
-1.231071e+00 7.759064e-02 
-1.262118e+00 -2.873988e-01 
-6.753574e-01 1.961338e-01 
-1.325290e+00 -2.075225e-01 
-1.342842e+00 2.418436e-01 
-9.320606e-01 -6.400566e-02 
-4.154913e-01 2.684583e-01 
-4.370314e-01 -9.833204e-02 
-8.459019e-01 -2.865315e-01 
-1.306914e+00 2.936309e-01 
-8.167210e-01 -1.304120e-01 
-1.569349e+00 -3.519512e-02 
-1.308635e+00 1.632189e-01 
-6.866091e-01 -1.263797e-01 
-6.421209e-01 -1.168334e-01 
-1.575522e+00 -5.504337e-02 
-6.771293e-01 1.171068e-01 
-1.417957e+00 -1.708947e-01 
-4.773595e-01 2.509257e-01 
-1.511539e+00 -3.139082e-02 
-4.726668e-01 3.080544e-01 
-1.457498e+00 1.903674e-01 
-1.410720e+00 7.644914e-02 
-1.091659e+00 -1.411695e-01 
-1.257777e+00 1.339942e-01 
-1.414261e+00 8.151232e-02 
-1.194654e+00 -9.789770e-02 
-4.710489e-01 2.769920e-01 
-1.547248e+00 -1.061068e-01 
-1.240791e+00 4.015674e-02 
-6.725080e-01 -8.316613e-02 
-1.473150e+00 6.920749e-02 
-1.513336e+00 -2.695984e-01 
-4.828207e-01 -5.273287e-02 
-7.527899e-01 1.002893e-01 
-8.307653e-01 1.474447e-01 
-4.607073e-01 -1.476679e-01 
-1.554484e+00 3.124361e-01 
-1.559569e+00 3.152030e-01 
-5.754702e-01 -9.637137e-03 
-4.572476e-01 2.246227e-01 
-1.396404e+00 1.272536e-01 
-1.554277e+00 -6.588821e-02 
-7.429912e-01 -5.335316e-02 
-4.357082e-01 -8.330447e-02 
-4.265818e-01 8.168319e-02 
-4.169238e-01 -3.156709e-01 
-4.163018e-01 1.961277e-01 
-4.153095e-01 2.858726e-01 
-4.956778e-01 -1.329104e-01 
-1.163662e+00 -7.853015e-02 
-9.497481e-01 6.296410e-02 
-5.875610e-01 -2.962587e-01 
-1.383425e+00 2.166042e-01 
-1.055150e+00 -3.075276e-01 
-8.378827e-01 -1.683371e-01 
-6.749938e-01 1.360780e-01 
-9.105878e-01 -2.606014e-01 
-1.582817e+00 -3.145733e-01 
-4.158816e-01 2.667690e-01 
-6.472878e-01 -3.478619e-02 
-1.227109e+00 -1.287561e-01 
-1.394317e+00 2.848144e-01 
-1.555902e+00 1.475112e-02 
-5.116249e-01 -2.484939e-01 
-1.024586e+00 3.167095e-01 
-6.344546e-01 2.011582e-01 
-8.641432e-01 -8.965675e-02 
-5.245082e-01 1.926145e-01 
-7.392076e-01 -3.134219e-02 
-1.273862e+00 3.044315e-01 
-4.159461e-01 3.113954e-01 
-1.484215e+00 2.337450e-02 
-9.468192e-01 -3.168460e-01 
-4.404508e-01 2.092266e-01 
-6.313237e-01 -6.504209e-04 
-1.079821e+00 -3.160781e-01 
-4.157464e-01 1.603657e-01 
-4.595938e-01 2.892653e-01 
-1.320366e+00 -2.855456e-02 
-1.517243e+00 -2.816573e-01 
-5.534680e-01 -9.101746e-02 
-1.067221e+00 3.156297e-01 
-4.645921e-01 2.160511e-01 
-1.057347e+00 -2.891851e-01 
-1.000139e+00 3.065421e-01 
-1.198379e+00 -1.413177e-02 
-1.362267e+00 -3.159127e-01 
-1.584406e+00 1.151818e-01 
-1.500945e+00 2.342803e-01 
-1.420044e+00 -2.300044e-01 
-4.668485e-01 -3.158087e-01 
-5.625040e-01 3.075948e-01 
-1.121289e+00 -3.156611e-01 
-4.183081e-01 -2.833537e-01 
-9.795817e-01 -1.901287e-01 
-1.142843e+00 2.551954e-01 
-1.444558e+00 1.754950e-01 
-7.608647e-01 3.024457e-01 
-8.391779e-01 -3.125940e-01 
-1.426462e+00 4.779603e-02 
-8.111872e-01 3.086298e-01 
-1.543256e+00 2.845468e-01 
-8.960262e-01 4.208558e-02 
-4.596372e-01 -2.429463e-01 
-1.584689e+00 -8.180143e-02 
-1.401340e+00 -1.370079e-01 
-1.568186e+00 -9.064445e-02 
-7.115543e-01 -2.556669e-01 
-1.568573e+00 -1.714869e-01 
-1.022990e+00 2.964721e-01 
-4.153428e-01 -7.079465e-02 
-9.255574e-01 3.169463e-01 
-7.584970e-01 3.170192e-01 
-1.454750e+00 3.168177e-01 
-5.360531e-01 -2.419828e-01 
-6.421411e-01 -5.519601e-02 
-1.580442e+00 3.159022e-01 
-1.523459e+00 -5.732238e-02 
-9.492803e-01 -2.995519e-01 
-4.245406e-01 -1.568636e-01 
-1.114607e+00 2.431731e-01 
-1.021755e+00 2.101560e-01 
-1.022304e+00 2.351504e-01 
-5.529032e-01 8.197920e-02 
-8.278675e-01 2.278134e-01 
-1.568729e+00 3.154966e-01 
-4.788011e-01 -3.072923e-01 
-1.531189e+00 -1.006935e-01 
-7.549444e-01 -3.028063e-01 
-1.113963e+00 7.448601e-02 
-1.430158e+00 -5.249632e-02 
-1.270613e+00 2.702740e-01 
-4.352112e-01 -3.092862e-01 
-6.469879e-01 -1.108178e-01 
-1.556335e+00 3.165276e-01 
-9.381023e-01 -3.060712e-01 
-1.564136e+00 -2.567157e-01 
-1.468991e+00 1.670266e-02 
-4.348673e-01 -3.056566e-01 
-1.385980e+00 1.410737e-01 
-1.516695e+00 -1.354990e-01 
-1.129844e+00 -3.080369e-01 
-1.496529e+00 -7.754992e-02 
-8.869167e-01 -2.021845e-01 
-1.433745e+00 2.701842e-01 
-4.696406e-01 -2.742603e-01 
-1.562183e+00 -1.251522e-01 
-1.528684e+00 -9.272946e-02 
-1.505423e+00 2.378247e-01 
-4.167894e-01 3.148814e-01 
-4.859405e-01 2.198290e-01 
-1.547336e+00 -3.169505e-01 
-6.496926e-01 -1.593133e-01 
-1.257640e+00 2.946951e-01 
-1.537396e+00 -3.167399e-01 
-1.582433e+00 3.080094e-01 
-8.720110e-01 -1.683243e-01 
-1.419772e+00 1.655587e-01 
-1.545250e+00 2.306960e-01 
-7.800642e-01 1.663199e-01 
-1.383394e+00 1.864746e-01 
-5.634407e-01 7.749696e-02 
-4.363187e-01 2.033081e-01 
-1.379305e+00 2.130710e-01 
-8.424570e-01 1.424898e-01 
-5.571205e-01 2.555041e-01 
-1.444758e+00 3.171155e-01 
-9.105830e-01 -3.068690e-01 
-1.537000e+00 2.736881e-01 
-4.162467e-01 2.144158e-03 
-9.500413e-01 -3.037510e-01 
-4.543111e-01 -2.062878e-01 
-5.092079e-01 -2.558563e-01 
-5.558574e-01 2.477554e-01 
-6.205925e-01 -3.080966e-01 
-1.501596e+00 2.020237e-01 
-1.550753e+00 2.213760e-01 
-1.376313e+00 -3.152217e-01 
-7.719975e-01 2.520763e-01 
-4.358247e-01 1.677296e-01 
-1.089897e+00 6.299908e-02 
-1.240262e+00 8.305252e-02 
-1.568974e+00 -9.895208e-02 
-9.345768e-01 -2.769223e-01 
-1.333003e+00 -3.096835e-01 
-8.507477e-01 -2.861060e-01 
-5.271950e-01 -3.159278e-01 
-1.291868e+00 -1.567435e-01 
-1.257043e+00 3.166996e-01 
-7.784125e-01 2.571210e-01 
-4.694115e-01 -3.167050e-01 
-1.485719e+00 8.088747e-02 
-1.541884e+00 3.128922e-01 
-1.322393e+00 -1.815193e-01 
-1.102412e+00 1.023535e-01 
-7.763061e-01 -7.143506e-02 
-1.478040e+00 1.553882e-01 
-4.825518e-01 -2.225301e-01 
-1.565795e+00 -2.929779e-01 
-4.651223e-01 -3.159774e-01 
-1.302672e+00 -3.165678e-01 
-4.375048e-01 3.163782e-01 
-1.575282e+00 3.070415e-01 
-7.446786e-01 -2.689925e-01 
-1.561776e+00 -2.284655e-01 
-1.416194e+00 3.038513e-01 
-1.583727e+00 -8.889552e-02 
-1.582196e+00 -1.191737e-01 
-1.563671e+00 -2.987551e-01 
-5.474960e-01 3.097781e-01 
-1.570754e+00 3.024551e-01 
-1.583724e+00 2.710540e-01 
-4.161390e-01 -3.171017e-01 
-7.444190e-01 -8.501801e-02 
-8.929949e-01 1.686296e-01 
-1.135427e+00 2.099327e-01 
-1.583090e+00 -2.909226e-03 
-1.468075e+00 -1.343460e-01 
-1.356707e+00 1.691339e-01 
-1.535071e+00 1.390806e-01 
-1.579595e+00 2.840989e-01 
-4.153110e-01 2.772412e-01 
-1.564684e+00 2.888027e-01 
-4.315518e-01 2.895364e-01 
-5.020813e-01 -3.625541e-02 
-1.454600e+00 -2.985971e-01 
-5.809469e-01 2.026521e-01 
-5.898335e-01 -1.128966e-03 
-6.951806e-01 -9.159233e-02 
-4.476724e-01 2.299172e-01 
-1.584690e+00 -1.074126e-01 
-1.489784e+00 7.715396e-02 
-1.580818e+00 2.394479e-01 
-5.687679e-01 -8.518842e-02 
-1.529912e+00 -3.171292e-01 
-8.653341e-01 2.607779e-01 
-4.526648e-01 -2.337040e-01 
-9.686904e-01 -3.667578e-02 
-1.169336e+00 -1.574296e-01 
-1.508533e+00 -3.665062e-02 
-1.073528e+00 -2.185271e-01 
-1.072832e+00 7.754158e-02 
-1.584623e+00 9.315082e-02 
-1.580000e+00 2.995795e-01 
-1.417023e+00 -2.912169e-01 
-6.016741e-01 -3.057814e-01 
-1.258274e+00 -2.154624e-01 
-9.084822e-01 -3.036647e-01 
-1.535052e+00 3.009719e-01 
-4.430014e-01 1.065126e-01 
-8.774756e-01 -2.619395e-01 
-4.526313e-01 2.430154e-01 
-1.582443e+00 2.525203e-01 
-1.565903e+00 2.929247e-01 
-1.535038e+00 -3.171141e-01 
-1.433226e+00 -2.011316e-01 
-1.572331e+00 2.777324e-01 
-1.526560e+00 -2.268303e-01 
-1.072311e+00 2.892726e-02 
-1.506068e+00 -3.103255e-01 
-8.136118e-01 3.161666e-01 
-1.476374e+00 1.587597e-01 
-1.568336e+00 2.716196e-01 
-1.402776e+00 -7.832753e-02 
-1.583718e+00 -1.991500e-01 
-1.511094e+00 -1.738196e-01 
-4.154749e-01 3.049203e-01 
-9.926309e-01 -1.466507e-01 
-4.167946e-01 -7.901306e-03 
-8.313371e-01 3.061318e-01 
-4.936438e-01 4.284092e-04 
-6.317972e-01 1.688745e-01 
-1.495952e+00 -1.459447e-01 
-5.715225e-01 1.537287e-01 
-1.224162e+00 7.684071e-02 
-7.418629e-01 -2.387200e-02 
-4.414604e-01 -1.262655e-01 
-9.544518e-01 1.648216e-01 
-5.888939e-01 -1.486408e-01 
-5.657825e-01 3.140937e-01 
-1.004486e+00 -1.502835e-01 
-1.009070e+00 1.609331e-01 
-5.992697e-01 3.170548e-01 
-1.348183e+00 -7.126798e-02 
-1.414149e+00 2.217979e-01 
-8.126414e-01 2.046346e-01 
-7.725955e-01 -2.503582e-01 
-4.159612e-01 2.795107e-01 
-4.839086e-01 2.894047e-01 
-1.569672e+00 -9.505551e-02 
-8.912191e-01 -2.934009e-01 
-5.619155e-01 -7.557084e-03 
-4.228787e-01 -9.009621e-02 
-4.263771e-01 3.157673e-01 
-1.533934e+00 -2.832011e-01 
-4.586643e-01 -2.034779e-01 
-6.069267e-01 1.230119e-02 
-4.890767e-01 1.155441e-02 
-4.192912e-01 -3.203140e-02 
-1.579214e+00 -9.169484e-02 
-7.459747e-01 2.691607e-01 
-1.413855e+00 -1.500037e-01 
-1.377143e+00 3.030031e-01 
-1.520378e+00 -1.325974e-01 
-1.538503e+00 2.976696e-01 
-1.215599e+00 -2.265819e-01 
-1.342473e+00 2.430426e-01 
-4.154627e-01 -2.706721e-01 
-9.405301e-01 -2.497135e-01 
-4.334327e-01 1.841508e-02 
-1.578109e+00 -3.048529e-01 
-1.374907e+00 1.267073e-01 
-6.354295e-01 2.896604e-01 
-9.146152e-01 3.112507e-01 
-1.379732e+00 -1.997055e-01 
-4.915874e-01 1.444164e-01 
-9.051529e-01 -2.912605e-01 
-8.463825e-01 2.603179e-01 
-8.800199e-01 2.879791e-01 
-1.278204e+00 -2.184663e-01 
-7.412886e-01 2.637074e-01 
-1.480976e+00 -2.588744e-01 
-6.665094e-01 -3.076196e-01 
-7.983567e-01 -3.043502e-01 
-1.221296e+00 -1.812289e-01 
-5.855015e-01 3.147827e-01 
-7.236397e-01 -9.493419e-02 
-7.557258e-01 -2.988475e-01 
-1.259561e+00 7.321372e-02 
-6.966298e-01 -2.041212e-01 
-4.742141e-01 2.073210e-01 
-4.171688e-01 -2.645064e-01 
-4.444194e-01 -1.938467e-01 
-1.138245e+00 3.866420e-03 
-1.054053e+00 -2.026421e-01 
-4.897930e-01 -1.015776e-01 
-1.307639e+00 2.447763e-01 
-1.531173e+00 -1.005943e-01 
-1.297990e+00 1.866615e-01 
-1.516919e+00 8.956182e-02 
-1.380729e+00 -3.055368e-01 
-4.198406e-01 1.942848e-01 
-8.150232e-01 3.079104e-01 
-9.657795e-01 9.380433e-02 
-4.557205e-01 -1.732343e-01 
-7.346225e-01 3.153041e-01 
-9.594896e-01 -3.143461e-01 
-8.879357e-01 1.405665e-01 
-1.389234e+00 5.863378e-02 
-4.909643e-01 3.048205e-01 
-6.849956e-01 2.944699e-01 
-1.581107e+00 -2.231684e-01 
-1.465285e+00 -7.255743e-02 
-1.109745e+00 -4.609903e-02 
-1.234490e+00 1.359099e-01 
-5.715934e-01 1.714003e-01 
-5.314299e-01 -2.157371e-01 
-4.405853e-01 -1.725221e-01 
-1.092580e+00 1.995825e-01 
-9.646921e-01 2.892920e-01 
-1.558360e+00 -3.145182e-01 
-5.593775e-01 -2.001726e-01 
-1.227661e+00 -3.146030e-01 
-8.726322e-01 -3.105355e-01 
-6.924681e-01 2.731336e-01 
-1.002847e+00 3.007135e-01 
-1.317947e+00 2.708623e-01 
-4.209436e-01 -8.616123e-02 
-8.742246e-01 -2.630643e-01 
-4.800919e-01 3.100613e-01 
-1.366842e+00 2.594896e-01 
-8.051663e-01 -2.334371e-01 
-1.578126e+00 2.769779e-01 
-4.220421e-01 -3.234417e-02 
-6.433152e-01 9.792778e-02 
-7.646872e-01 2.836616e-01 
-8.909350e-01 1.331518e-01 
-9.820285e-01 -2.861295e-01 
-1.175762e+00 -2.967210e-01 
-1.527008e+00 2.855259e-01 
-4.579567e-01 -2.870507e-01 
-1.209909e+00 -3.080195e-01 
-1.015158e+00 1.444798e-01 
-6.600266e-01 -3.171239e-01 
-5.011033e-01 1.692105e-01 
-5.030253e-01 -2.411862e-01 
-1.526332e+00 1.887865e-01 
-4.173914e-01 3.704769e-02 
-1.003179e+00 -2.912019e-01 
-5.145921e-01 -9.398439e-02 
-1.256333e+00 3.071230e-01 
-4.312025e-01 3.171264e-01 
-1.514073e+00 2.943054e-01 
-1.578684e+00 -2.622379e-01 
-1.581787e+00 -2.974035e-01 
-6.439483e-01 -1.659903e-01 
-1.200181e+00 -2.935605e-01 
-1.582612e+00 -2.634452e-01 
-1.533653e+00 -2.177700e-01 
-4.199957e-01 4.108052e-02 
-8.791925e-01 -1.559874e-01 
-7.727336e-01 1.319006e-01 
-1.532128e+00 -2.841489e-01 
-5.050320e-01 -3.146001e-01 
-1.287317e+00 3.146558e-01 
-1.116693e+00 2.676241e-01 
-6.245269e-01 -1.871750e-01 
-5.114144e-01 -9.475227e-02 
-6.848104e-01 -2.805500e-01 
-1.266806e+00 -2.226433e-01 
-9.167062e-01 9.429014e-02 
-8.596625e-01 -1.313424e-01 
-4.740874e-01 2.239512e-01 
-1.278597e+00 3.014969e-01 
-6.409854e-01 3.031657e-01 
-1.477538e+00 2.828376e-01 
-9.408855e-01 -2.244367e-01 
-8.395882e-01 -3.004094e-01 
-8.545298e-01 -3.144907e-01 
-1.152894e+00 5.818479e-02 
-6.011458e-01 -2.805692e-01 
-1.184509e+00 -2.469459e-01 
-7.181398e-01 2.338245e-01 
-7.563715e-01 5.609196e-02 
-1.168010e+00 -2.874892e-01 
-1.342179e+00 -2.338273e-01 
-6.539208e-01 2.530764e-01 
-1.583483e+00 -5.812142e-02 
-1.152279e+00 2.412730e-01 
-1.569436e+00 1.751247e-01 
-9.663756e-01 2.847623e-01 
-8.658692e-01 -1.797699e-02 
-5.456739e-01 1.901736e-01 
-6.676302e-01 2.590002e-01 
-1.564879e+00 1.938904e-01 
-1.010116e+00 -3.115469e-01 
-4.235229e-01 -2.824382e-01 
-1.222304e+00 -2.861022e-01 
-4.154133e-01 -2.845942e-01 
-5.790778e-01 -3.004924e-01 
-5.280083e-01 3.070412e-01 
-6.918179e-01 6.878587e-02 
-1.068710e+00 -3.131976e-01 
-1.583881e+00 -2.448862e-02 
-1.110258e+00 3.121260e-01 
-4.291220e-01 2.866258e-01 
-1.573405e+00 2.546408e-01 
-9.200779e-01 1.977695e-01 
-8.843397e-01 -1.894916e-01 
-6.441053e-01 2.913255e-01 
-1.245508e+00 2.865199e-01 
-1.580108e+00 7.472709e-02 
-1.582498e+00 -4.689687e-02 
-1.428394e+00 -2.904496e-01 
-8.166838e-01 1.057156e-01 
-1.200078e+00 -2.601840e-01 
-7.616466e-01 1.981174e-01 
-1.577565e+00 -3.168149e-01 
-8.369731e-01 2.037561e-01 
-1.133253e+00 -8.215072e-03 
-1.548507e+00 1.959115e-01 
-5.248666e-01 -2.490402e-01 
-1.561994e+00 -1.438600e-01 
-4.268029e-01 1.520643e-01 
-1.289999e+00 1.303250e-01 
-1.136342e+00 1.147165e-01 
-1.584681e+00 1.439591e-01 
-1.388841e+00 -3.045969e-01 
-1.343802e+00 3.986271e-02 
-1.467694e+00 -1.857349e-01 
-1.025137e+00 2.164480e-01 
-1.393937e+00 -2.737958e-01 
-7.077626e-01 -3.028852e-01 
-1.490339e+00 3.164287e-01 
-1.498782e+00 -2.374614e-02 
-1.190158e+00 3.137125e-01 
-1.314581e+00 2.127802e-01 
-1.573725e+00 -3.166773e-01 
-8.063335e-01 -3.421996e-02 
-4.571197e-01 1.187074e-01 
-7.741207e-01 1.668261e-01 
-1.399825e+00 2.923656e-01 
-1.360424e+00 -4.276013e-02 
-1.525861e+00 2.771356e-01 
-5.158707e-01 -2.609916e-01 
-1.084034e+00 -2.670354e-01 
-4.154510e-01 3.815976e-02 
-4.210153e-01 1.958278e-01 
-1.366881e+00 -2.623100e-01 
-1.478486e+00 3.025445e-01 
-8.375709e-01 -3.161014e-01 
-1.574293e+00 2.936929e-01 
-1.577628e+00 -2.156592e-01 
-1.421671e+00 1.325629e-01 
-1.584672e+00 3.110787e-01 
-5.207765e-01 2.928578e-01 
-1.007427e+00 6.656170e-03 
-1.264517e+00 2.558754e-01 
-1.169255e+00 9.816548e-02 
-1.436398e+00 -2.589987e-01 
-8.553348e-01 -2.883576e-01 
-1.170217e+00 -2.609522e-03 
-1.310389e+00 1.460210e-01 
-4.739138e-01 -2.025589e-01 
-1.354621e+00 2.462974e-01 
-1.000818e+00 3.063661e-01 
-5.447590e-01 2.930717e-01 
-1.533002e+00 3.249293e-02 
-1.368976e+00 -3.114380e-01 
-1.332674e+00 2.226880e-01 
-4.350548e-01 -3.106612e-01 
-6.226849e-01 -2.586078e-01 
-1.182320e+00 -3.171131e-01 
-1.375797e+00 -2.687995e-01 
-7.170445e-01 -3.051531e-01 
-1.565395e+00 5.903190e-02 
-1.486144e+00 3.104283e-01 
-6.631925e-01 6.700112e-02 
-7.793263e-01 1.789784e-01 
-9.145654e-01 -1.389865e-01 
-6.158616e-01 -2.996623e-01 
-9.036530e-01 3.145741e-01 
-5.787442e-01 -3.077263e-01 
-1.560586e+00 -1.915528e-01 
-4.384029e-01 -2.906822e-01 
-1.008461e+00 2.261396e-01 
-1.014822e+00 2.473988e-01 
-1.479870e+00 -3.042754e-01 
-6.774736e-01 5.806202e-02 
-1.449025e+00 -3.049672e-01 
-5.282197e-01 3.156850e-01 
-1.561385e+00 -6.895231e-02 
-1.566546e+00 2.077395e-01 
-8.486970e-01 1.510897e-01 
-1.580947e+00 1.917229e-01 
-9.138637e-01 2.653443e-01 
-1.518132e+00 -2.182638e-01 
-5.327861e-01 -2.843530e-01 
-1.461696e+00 -2.340793e-01 
-9.849447e-01 -3.162730e-01 
-1.542105e+00 -2.387512e-01 
-6.040526e-01 2.504947e-01 
-6.282105e-01 -2.402801e-01 
-7.478258e-01 -3.136577e-01 
-9.953467e-01 2.440061e-01 
-9.907732e-01 2.076570e-01 
-1.475803e+00 2.799798e-01 
-4.290404e-01 -2.686270e-01 
-1.545579e+00 3.170874e-01 
-1.143290e+00 -1.373392e-02 
-5.404476e-01 2.088981e-01 
-1.568974e+00 3.170313e-01 
-1.583130e+00 3.165750e-01 
-1.436738e+00 2.696017e-01 
-1.099090e+00 -2.739380e-01 
-1.541619e+00 2.368903e-01 
-7.279788e-01 3.148805e-01 
-7.221169e-01 -1.551388e-01 
-1.516770e+00 -3.169755e-01 
-6.718626e-01 2.784285e-01 
-1.491542e+00 3.102224e-01 
-1.354457e+00 1.443691e-01 
-1.443501e+00 2.336940e-01 
-1.389202e+00 -1.385112e-01 
-4.250533e-01 -1.761887e-01 
-9.133939e-01 -2.735057e-01 
-7.559834e-01 7.355306e-02 
-4.386174e-01 -3.802405e-03 
-1.484618e+00 -2.881470e-01 
-1.011342e+00 3.170738e-01 
-8.365035e-01 -2.976731e-01 
-9.672755e-01 2.551555e-01 
-1.167382e+00 2.936073e-01 
-7.753286e-01 -2.112066e-01 
-9.688485e-01 -2.594152e-01 
-4.516721e-01 -3.064794e-01 
-4.918583e-01 1.487640e-01 
-5.528298e-01 -2.943909e-01 
-9.482681e-01 2.493680e-01 
-4.285122e-01 -1.103093e-01 
-5.033570e-01 3.016586e-01 
-1.165843e+00 -1.286589e-01 
-4.755177e-01 2.663044e-01 
-6.457574e-01 5.566674e-02 
-6.794079e-01 2.741801e-01 
-5.184379e-01 6.457860e-02 
-1.556999e+00 2.373159e-01 
-1.571734e+00 -1.773433e-01 
-7.892183e-01 -3.095040e-01 
-6.708614e-01 -2.872952e-01 
-4.651301e-01 -3.121016e-01 
-1.129607e+00 2.274602e-01 
-1.424224e+00 2.488830e-01 
-1.220530e+00 3.131664e-01 
-1.316860e+00 -2.015006e-01 
-1.580198e+00 2.714633e-01 
-1.527685e+00 3.158949e-01 
-4.177925e-01 1.669446e-01 
-9.421307e-01 -2.667812e-01 
-1.575459e+00 -3.053328e-01 
-6.489268e-01 1.683902e-01 
-4.211475e-01 2.500915e-01 
-4.395112e-01 -2.867700e-01 
-1.126824e+00 -8.859034e-02 
-8.023501e-01 5.151186e-02 
-4.258254e-01 -2.166132e-01 
-4.997790e-01 -3.156002e-01 
-9.028130e-01 6.553525e-02 
-4.432543e-01 2.961988e-01 
-4.813424e-01 -3.159471e-01 
-5.148473e-01 -6.711647e-02 
-6.224773e-01 2.641513e-01 
-4.452570e-01 -3.171493e-01 
-4.357362e-01 1.212313e-01 
-6.018315e-01 2.065649e-01 
-1.570652e+00 3.143741e-01 
-1.558394e+00 -2.297340e-01 
-1.583078e+00 -1.977589e-01 
-1.008822e+00 2.761412e-01 
-5.925488e-01 1.029090e-01 
-1.157217e+00 -2.870497e-01 
-1.191418e+00 -2.951851e-01 
-4.383251e-01 -2.046343e-01 
-4.169754e-01 1.633143e-01 
-4.617717e-01 -2.440597e-02 
-4.153363e-01 -2.540077e-01 
-4.353742e-01 7.226386e-02 
-6.716762e-01 2.700540e-01 
-1.085778e+00 -9.615343e-02 
-1.520232e+00 -1.580027e-01 
-9.704286e-01 -4.596777e-02 
-7.548628e-01 2.339014e-01 
-1.090512e+00 1.511811e-02 
-8.286657e-01 2.302480e-01 
-9.457500e-01 1.671953e-01 
-8.883329e-01 -3.529708e-02 
-1.169511e+00 7.160361e-03 
-4.219235e-01 2.366617e-01 
-4.826892e-01 2.612468e-01 
-1.177613e+00 8.547969e-02 
-4.221802e-01 1.647448e-01 
-1.285107e+00 3.101227e-01 
-1.458188e+00 2.301699e-01 
-1.421798e+00 2.439761e-01 
-6.238169e-01 -1.717441e-01 
-6.042263e-01 -2.377967e-01 
-1.289730e+00 3.108829e-01 
-5.631173e-01 -3.170398e-01 
-1.164121e+00 3.158080e-01 
-4.416613e-01 2.509103e-01 
-1.367859e+00 3.170805e-01 
-1.567191e+00 2.045735e-01 
-1.442886e+00 -2.083159e-01 
-8.119274e-01 -1.141783e-01 
-1.196805e+00 2.404489e-01 
-7.898144e-01 1.016504e-01 
-1.554805e+00 8.305140e-02 
-1.346385e+00 3.130651e-01 
-1.418047e+00 -8.498415e-02 
-7.466522e-01 1.243760e-01 
-1.010129e+00 -3.171327e-01 
-5.774326e-01 -5.250754e-02 
-1.453675e+00 3.039241e-01 
-1.403994e+00 8.914653e-02 
-6.878051e-01 -1.799648e-01 
-4.309526e-01 1.032649e-01 
-9.923794e-01 1.816491e-01 
-4.210270e-01 -4.406494e-02 
-4.247502e-01 -2.308640e-01 
-1.489616e+00 2.457675e-02 
-1.295423e+00 2.830776e-01 
-1.565417e+00 -9.385408e-02 
-5.591921e-01 5.638713e-02 
-8.579744e-01 -6.052242e-02 
-1.562621e+00 -3.167956e-01 
-1.584656e+00 2.260498e-01 
-5.148038e-01 2.036183e-01 
-1.209988e+00 -2.728228e-01 
-1.328572e+00 1.361207e-01 
-7.235279e-01 -2.092533e-02 
-1.008761e+00 2.999159e-01 
-1.535033e+00 -2.819171e-01 
-8.464537e-01 -1.254900e-02 
-1.185040e+00 -2.328528e-01 
-1.560041e+00 1.644677e-01 
-1.583783e+00 2.815715e-01 
-5.903472e-01 2.477533e-01 
5.329326e-01 -1.678727e-01 
1.226575e+00 -6.914147e-01 
1.426581e+00 6.856623e-01 
1.482320e+00 -6.607102e-01 
1.475165e+00 -4.144272e-01 
1.102285e+00 4.451646e-01 
1.478596e+00 2.706872e-01 
1.178756e+00 6.590733e-01 
1.481428e+00 -1.971740e-01 
1.481086e+00 3.942876e-01 
1.135784e+00 -6.781578e-01 
1.292992e+00 -6.002412e-01 
7.892986e-01 7.012292e-02 
9.589928e-01 -4.947215e-01 
1.179433e+00 2.489553e-01 
1.264583e+00 -1.303996e-01 
9.027234e-01 -6.814754e-01 
5.922887e-01 1.834042e-01 
1.479660e+00 6.579309e-01 
7.615875e-01 6.914316e-01 
8.090275e-01 4.854604e-01 
7.227473e-01 6.432636e-01 
1.076487e+00 5.210386e-01 
1.293659e+00 -5.798016e-01 
1.259990e+00 -6.163450e-02 
1.444018e+00 -1.229777e-01 
8.254536e-01 1.297412e-01 
1.382019e+00 4.331592e-01 
1.476779e+00 5.021421e-01 
8.599466e-01 -4.460089e-01 
1.020651e+00 3.281665e-01 
7.716699e-01 5.128796e-01 
9.241895e-01 6.543069e-01 
5.717601e-01 -4.159770e-01 
1.412721e+00 -6.888163e-01 
1.356283e+00 -6.262825e-01 
1.443145e+00 -6.119627e-01 
1.381777e+00 4.301146e-01 
8.813442e-01 3.335305e-01 
5.193639e-01 -6.087722e-01 
8.169642e-01 5.529788e-01 
6.151025e-01 6.483182e-01 
1.150371e+00 3.726370e-01 
1.216108e+00 -4.735155e-01 
8.922935e-01 1.426725e-01 
1.425300e+00 -6.861021e-01 
1.006488e+00 -6.772456e-01 
9.227879e-01 -4.812114e-01 
1.462691e+00 5.220280e-01 
7.161037e-01 1.407229e-01 
1.431290e+00 6.881018e-01 
1.452624e+00 -5.514342e-02 
1.447551e+00 3.858616e-02 
1.222392e+00 -2.754206e-01 
6.654641e-01 1.300625e-01 
8.526917e-01 2.676691e-01 
1.472054e+00 -6.766787e-01 
6.895426e-01 -5.167918e-02 
7.504795e-01 6.905619e-01 
1.411716e+00 1.330959e-01 
7.579027e-01 -1.465919e-01 
1.365577e+00 2.685243e-02 
1.475065e+00 -6.808153e-01 
1.123522e+00 -2.277322e-01 
1.097825e+00 -6.109936e-01 
5.679489e-01 3.097473e-01 
6.935613e-01 1.041399e-02 
5.436847e-01 -9.822579e-03 
9.859148e-01 4.288809e-01 
5.315671e-01 5.141976e-01 
1.424217e+00 6.218088e-01 
7.779077e-01 6.506119e-01 
6.861027e-01 5.442896e-01 
1.116994e+00 4.515376e-01 
9.718780e-01 3.012578e-01 
1.346563e+00 -4.904696e-01 
5.752381e-01 -6.198544e-01 
1.069712e+00 -5.102092e-01 
1.119699e+00 -6.650968e-01 
9.453069e-01 6.909939e-01 
8.245292e-01 -4.975099e-01 
6.052146e-01 1.244130e-01 
1.429939e+00 8.261397e-02 
1.462347e+00 3.056227e-02 
1.460432e+00 6.913625e-01 
7.810520e-01 4.974463e-01 
1.019683e+00 -7.974078e-02 
7.566428e-01 6.491702e-02 
1.219886e+00 4.866859e-01 
1.116169e+00 3.604792e-01 
1.378417e+00 -4.429062e-02 
1.335365e+00 -1.230171e-01 
1.057453e+00 -4.506162e-01 
5.176245e-01 3.574639e-01 
1.421754e+00 6.683791e-01 
1.443879e+00 -2.906717e-01 
7.772175e-01 -6.472971e-01 
6.342576e-01 5.716314e-01 
1.218322e+00 6.765795e-01 
7.491928e-01 -4.468735e-01 
6.073258e-01 -5.078908e-01 
5.176307e-01 6.911203e-01 
5.507349e-01 -5.612318e-01 
5.204085e-01 5.196864e-01 
5.437779e-01 4.034624e-01 
5.397221e-01 -4.675121e-01 
1.482595e+00 -8.723525e-02 
1.388654e+00 5.207376e-01 
5.241669e-01 6.241233e-01 
1.087391e+00 1.804435e-01 
5.514161e-01 3.528656e-01 
1.464993e+00 6.859858e-01 
5.398655e-01 2.539814e-01 
5.245242e-01 -5.076729e-01 
1.210159e+00 3.812043e-01 
8.832722e-01 -1.516412e-01 
9.484410e-01 -2.142717e-01 
1.244452e+00 -6.607754e-01 
5.600960e-01 4.637545e-01 
7.417146e-01 6.379222e-01 
1.367906e+00 -6.894897e-01 
1.421744e+00 -1.075425e-01 
5.218649e-01 -6.906969e-01 
5.547104e-01 6.886150e-01 
9.865462e-01 1.154992e-01 
1.097897e+00 -5.256687e-01 
1.476146e+00 -6.464058e-01 
1.063024e+00 5.508385e-01 
1.419803e+00 -1.547729e-01 
7.681002e-01 -5.437613e-01 
1.077706e+00 6.879367e-01 
6.059261e-01 -4.097278e-04 
1.213886e+00 -6.594460e-01 
5.411004e-01 -4.895016e-01 
1.224715e+00 -5.572935e-01 
6.542144e-01 -6.777483e-01 
5.260130e-01 1.689893e-01 
1.320027e+00 4.243416e-01 
1.138216e+00 6.355782e-01 
5.695786e-01 4.646690e-01 
1.235939e+00 6.039510e-01 
1.475127e+00 5.533992e-01 
8.858360e-01 5.761779e-01 
1.345810e+00 -1.468995e-01 
5.176071e-01 6.822610e-01 
9.536874e-01 6.630386e-01 
1.179856e+00 6.614891e-01 
1.387940e+00 -4.188291e-01 
1.377444e+00 2.654586e-01 
5.359644e-01 -6.327008e-01 
6.518988e-01 -6.900269e-01 
1.330359e+00 6.129242e-01 
1.470797e+00 3.837627e-01 
8.348469e-01 -2.603382e-01 
1.471864e+00 4.912508e-01 
1.079927e+00 -6.911768e-01 
1.467417e+00 6.911785e-01 
5.622568e-01 -6.897466e-01 
5.603225e-01 -6.800914e-01 
1.387031e+00 5.822509e-02 
5.194038e-01 6.684543e-02 
1.030997e+00 -6.903789e-01 
5.173175e-01 1.254716e-01 
5.478812e-01 4.734874e-01 
1.401228e+00 3.209987e-01 
8.021520e-01 2.835487e-01 
1.102709e+00 5.721659e-01 
1.482630e+00 -1.235329e-01 
5.629773e-01 6.562444e-01 
1.446451e+00 -1.743783e-01 
5.609214e-01 8.618876e-02 
1.038547e+00 3.753209e-01 
1.460017e+00 -4.160343e-01 
5.583637e-01 -6.748114e-01 
5.657288e-01 6.851366e-01 
7.976888e-01 -6.205163e-01 
1.340943e+00 2.109057e-01 
8.984819e-01 3.269884e-01 
7.892938e-01 -3.517722e-01 
7.996973e-01 -8.532787e-02 
9.339638e-01 1.175782e-01 
5.207362e-01 -6.298744e-01 
1.376287e+00 -3.164151e-01 
6.165611e-01 4.613555e-01 
7.797642e-01 6.508816e-01 
9.971833e-01 -2.669896e-01 
9.280475e-01 3.122888e-01 
8.915783e-01 -3.691135e-01 
1.063130e+00 -2.682742e-01 
5.995545e-01 -7.374958e-03 
5.575017e-01 -5.162007e-01 
8.906281e-01 6.154023e-01 
5.463209e-01 4.161132e-01 
1.249511e+00 -1.112023e-01 
1.439153e+00 2.696709e-01 
1.430896e+00 5.835594e-01 
1.344677e+00 -6.910857e-01 
6.804474e-01 -4.367677e-01 
6.778388e-01 4.305171e-01 
1.160737e+00 5.190373e-01 
5.629094e-01 6.420093e-01 
9.443821e-01 -1.266449e-02 
8.192417e-01 -2.458873e-01 
1.482682e+00 2.320217e-01 
1.482080e+00 4.921582e-01 
5.289189e-01 -6.699085e-01 
5.349068e-01 -1.489103e-01 
5.887552e-01 5.283377e-01 
1.129900e+00 4.184539e-01 
1.326326e+00 6.591406e-01 
5.185392e-01 2.922065e-01 
1.482432e+00 -6.323723e-01 
5.634383e-01 5.994726e-01 
1.162647e+00 5.147333e-01 
5.201470e-01 -6.265129e-01 
1.154393e+00 -5.264039e-01 
8.221506e-01 -1.653120e-01 
5.599920e-01 -4.846605e-01 
1.144819e+00 -2.413157e-01 
6.268247e-01 6.914330e-01 
1.478144e+00 -4.894575e-01 
1.263552e+00 6.537976e-01 
9.473851e-01 6.562632e-01 
9.545916e-01 -6.909458e-01 
1.460056e+00 -6.472500e-01 
1.314425e+00 4.731382e-01 
6.283977e-01 -6.855385e-01 
1.436268e+00 -6.910255e-01 
1.336079e+00 -4.562015e-01 
9.953560e-01 6.216857e-01 
6.702148e-01 2.840083e-01 
5.331590e-01 3.734638e-01 
5.496144e-01 3.508800e-01 
6.611333e-01 6.420054e-01 
7.633872e-01 2.547331e-01 
1.109543e+00 5.288541e-01 
6.507715e-01 1.953128e-01 
1.248126e+00 -6.443829e-01 
8.495083e-01 1.951862e-01 
1.476262e+00 -6.676635e-01 
1.468273e+00 -5.475331e-01 
5.682017e-01 -7.998894e-02 
1.237818e+00 -2.793406e-01 
8.020739e-01 5.266727e-01 
1.006775e+00 5.245263e-01 
6.582735e-01 5.804941e-01 
8.803905e-01 2.920145e-01 
6.531023e-01 -6.875693e-01 
1.132966e+00 6.038116e-01 
5.221668e-01 4.305498e-02 
1.473881e+00 -5.895943e-01 
1.355783e+00 -1.310389e-01 
1.414860e+00 -5.746028e-01 
5.188737e-01 4.585840e-01 
1.481710e+00 4.991706e-01 
6.643229e-01 5.841748e-01 
9.394589e-01 -2.807461e-01 
1.172638e+00 -5.862122e-01 
1.033521e+00 6.435870e-01 
1.138314e+00 -6.893017e-01 
1.371838e+00 5.562002e-01 
8.369266e-01 6.803102e-01 
6.834000e-01 -6.129919e-01 
1.351190e+00 4.630496e-01 
5.201450e-01 -4.398603e-01 
5.849781e-01 4.386538e-01 
1.449778e+00 4.805470e-01 
1.452200e+00 -6.640359e-01 
1.003941e+00 -2.359529e-01 
1.324264e+00 -6.831667e-01 
1.212412e+00 -4.670875e-01 
7.040910e-01 7.163242e-02 
1.476079e+00 -4.209485e-01 
6.759883e-01 -4.503139e-01 
5.173208e-01 4.031185e-01 
1.081547e+00 2.374264e-01 
1.434016e+00 -1.054469e-01 
5.189757e-01 -6.830639e-01 
6.497894e-01 -6.898507e-01 
1.232480e+00 -2.743321e-01 
1.423411e+00 -8.191739e-02 
1.328164e+00 5.058819e-01 
6.411135e-01 -6.777899e-01 
1.476592e+00 -6.870621e-01 
1.043739e+00 -5.163032e-01 
6.971838e-01 6.599097e-01 
1.474189e+00 6.574588e-01 
9.192482e-01 -6.575816e-01 
7.262264e-01 1.597197e-02 
1.043511e+00 -1.219358e-01 
1.001430e+00 3.500532e-01 
7.016162e-01 -6.369155e-01 
1.470310e+00 -5.299629e-01 
5.643655e-01 1.930868e-01 
5.550419e-01 -2.500120e-01 
8.825964e-01 -6.592082e-01 
1.443636e+00 -5.623260e-01 
1.319679e+00 2.931141e-01 
1.456045e+00 5.978306e-01 
1.278847e+00 -1.049586e-01 
6.718478e-01 1.579462e-01 
7.041232e-01 4.036382e-01 
1.425416e+00 4.211889e-01 
1.296027e+00 6.029272e-01 
7.522987e-01 4.510067e-01 
1.366826e+00 4.545639e-01 
1.095608e+00 -2.590135e-01 
1.444353e+00 5.758826e-01 
1.054478e+00 6.716937e-01 
1.475633e+00 1.519162e-01 
6.857735e-01 -4.778795e-01 
5.183946e-01 6.889635e-01 
9.500111e-01 -4.369874e-01 
7.384872e-01 4.495355e-01 
5.708270e-01 6.900871e-01 
1.092548e+00 -6.617371e-01 
5.662787e-01 4.704066e-01 
5.601313e-01 4.548304e-01 
5.206508e-01 -5.526458e-01 
1.213853e+00 1.823438e-01 
6.017934e-01 -6.459234e-01 
1.448076e+00 -4.081930e-01 
1.036318e+00 5.926818e-01 
1.120059e+00 6.355254e-01 
1.225866e+00 5.684532e-01 
7.491684e-01 -1.337404e-01 
5.265403e-01 -6.914222e-01 
7.359445e-01 6.655858e-01 
5.173615e-01 6.914028e-01 
1.290825e+00 6.913896e-01 
5.948302e-01 -6.850968e-01 
1.482216e+00 -6.182736e-01 
1.399209e+00 6.601552e-01 
1.482232e+00 -1.908437e-01 
8.008151e-01 3.607908e-01 
5.195997e-01 2.668184e-01 
1.366593e+00 -6.354352e-01 
9.134914e-01 -6.295746e-01 
5.950049e-01 -6.895239e-01 
1.083669e+00 3.725888e-01 
5.615222e-01 4.086683e-01 
1.270451e+00 -3.669494e-01 
1.371208e+00 6.047515e-01 
1.349246e+00 6.737855e-01 
1.354098e+00 -6.894923e-02 
1.390996e+00 -6.528193e-01 
5.815077e-01 4.030615e-03 
7.209826e-01 5.276857e-01 
9.637332e-01 -6.629310e-01 
1.222494e+00 5.511693e-01 
9.936189e-01 4.464254e-01 
1.340746e+00 -5.794817e-01 
1.476838e+00 2.141785e-01 
9.790907e-01 -5.508330e-01 
1.230541e+00 -2.690232e-01 
5.915163e-01 -5.909617e-01 
5.523251e-01 6.831345e-01 
1.317417e+00 -1.460328e-01 
6.134032e-01 -4.662442e-01 
6.392533e-01 1.252505e-01 
6.237767e-01 6.235683e-01 
6.204316e-01 -1.958634e-01 
1.446786e+00 -7.517925e-02 
6.829850e-01 6.790173e-01 
7.974418e-01 -4.011781e-01 
5.183056e-01 6.620635e-01 
6.043637e-01 6.211289e-01 
9.938760e-01 1.339016e-01 
6.023394e-01 -6.353100e-01 
5.902144e-01 -6.527249e-01 
1.045612e+00 -6.563845e-01 
1.343891e+00 6.433787e-01 
1.474552e+00 -3.274647e-01 
1.212148e+00 6.730841e-01 
8.204008e-01 -5.094724e-01 
8.486640e-01 -2.124399e-01 
1.162944e+00 2.520850e-01 
5.290600e-01 6.123535e-01 
1.126051e+00 -3.298179e-01 
1.052774e+00 6.902176e-01 
9.630615e-01 -5.134753e-01 
9.858245e-01 3.977736e-02 
1.462909e+00 5.336815e-01 
1.109389e+00 -4.201293e-01 
1.479960e+00 -2.460618e-01 
7.349221e-01 4.104288e-01 
5.424635e-01 -1.914104e-01 
7.476580e-01 -4.645787e-02 
5.636298e-01 -4.999252e-01 
1.220538e+00 6.672395e-01 
1.477034e+00 6.747474e-01 
9.727014e-01 -3.115543e-01 
1.479468e+00 -3.058537e-01 
1.022279e+00 4.551038e-01 
1.443300e+00 1.136906e-02 
5.267559e-01 4.608941e-01 
1.150703e+00 4.519194e-01 
8.423642e-01 2.745998e-01 
1.061474e+00 5.530628e-01 
1.244350e+00 3.815926e-01 
1.133754e+00 6.909579e-01 
1.364328e+00 -5.727462e-01 
8.797160e-01 6.778425e-01 
1.399046e+00 5.840191e-01 
1.417825e+00 3.568765e-01 
7.713637e-01 6.206077e-01 
5.899808e-01 6.637373e-01 
1.470366e+00 -3.677669e-01 
1.471798e+00 -6.912673e-01 
1.168912e+00 -5.016583e-01 
6.394531e-01 -3.034881e-01 
9.080496e-01 6.841042e-01 
1.216790e+00 -1.417804e-01 
6.873054e-01 1.449179e-02 
7.048235e-01 4.309847e-01 
1.199959e+00 -6.547954e-01 
1.140656e+00 -6.659726e-01 
5.599085e-01 -6.205373e-01 
1.210531e+00 -1.164311e-01 
7.739206e-01 -6.612463e-01 
8.255297e-01 -5.626861e-01 
9.180243e-01 -2.700906e-01 
1.449990e+00 6.911329e-01 
5.603027e-01 -2.205976e-01 
6.218230e-01 -6.873505e-01 
7.203327e-01 7.949447e-02 
1.340832e+00 -7.121009e-02 
5.310810e-01 -8.542792e-02 
5.202543e-01 -6.674463e-01 
6.521484e-01 -4.251002e-01 
5.744013e-01 -6.865006e-01 
7.544434e-01 -6.011355e-01 
1.325136e+00 -3.641082e-01 
8.122872e-01 3.428166e-01 
1.342939e+00 1.003935e-01 
1.204055e+00 -2.108554e-01 
1.423319e+00 -1.720286e-01 
1.404953e+00 5.532062e-01 
1.268118e+00 3.917009e-01 
1.182462e+00 -5.262495e-01 
7.816302e-01 7.213621e-02 
7.887528e-01 6.836897e-01 
6.562270e-01 9.217209e-02 
9.245689e-01 6.459873e-01 
9.340686e-01 -6.910121e-01 
9.162006e-01 6.902692e-01 
6.167818e-01 5.853483e-01 
8.070826e-01 -5.062695e-01 
6.715588e-01 -2.970488e-01 
9.048581e-01 -6.072608e-01 
5.267825e-01 -4.819823e-01 
1.060056e+00 -2.401160e-01 
1.459397e+00 -3.782354e-01 
5.229403e-01 -1.896050e-01 
1.080309e+00 -4.455662e-01 
1.095812e+00 4.915701e-01 
9.211028e-01 5.884483e-01 
1.469685e+00 -6.474556e-01 
6.280386e-01 -6.611687e-01 
1.103275e+00 3.866790e-01 
1.129356e+00 5.485119e-01 
1.481939e+00 5.433412e-01 
5.512461e-01 5.511165e-01 
5.176628e-01 -1.214269e-01 
5.708175e-01 -6.634525e-01 
1.339830e+00 -5.591417e-01 
5.252982e-01 3.816812e-01 
1.178428e+00 6.881388e-01 
1.148436e+00 6.855864e-01 
1.051133e+00 2.585892e-02 
1.464094e+00 2.719416e-02 
5.633579e-01 -3.696555e-01 
1.102471e+00 -5.872588e-01 
7.090510e-01 -2.718714e-01 
1.389318e+00 -4.218071e-01 
1.472895e+00 6.901168e-01 
5.173770e-01 4.617603e-01 
1.326164e+00 -1.979663e-01 
1.469108e+00 6.582873e-01 
1.218733e+00 6.042143e-02 
7.047638e-01 -2.224983e-01 
1.479973e+00 6.088313e-01 
9.286863e-01 -5.440193e-01 
9.524982e-01 -2.032992e-01 
1.480372e+00 -2.782537e-01 
5.173181e-01 6.900170e-01 
7.356788e-01 -6.848646e-01 
1.257267e+00 6.781102e-01 
1.477609e+00 6.913575e-01 
1.475417e+00 2.734258e-01 
7.464072e-01 5.193759e-01 
7.174995e-01 6.715180e-01 
9.551087e-01 4.944295e-01 
5.803565e-01 -3.893798e-03 
6.352807e-01 6.914254e-01 
6.212483e-01 1.119160e-01 
5.845735e-01 6.811502e-01 
1.461154e+00 -6.533356e-01 
1.082643e+00 -6.841947e-01 
1.323993e+00 -1.785725e-01 
5.261013e-01 -3.918998e-01 
1.056682e+00 5.121017e-03 
1.454283e+00 -6.913256e-01 
9.773943e-01 5.895706e-01 
5.816901e-01 6.669167e-01 
6.253535e-01 3.889243e-02 
5.326359e-01 -2.756025e-01 
1.391048e+00 2.422399e-01 
1.067918e+00 6.526330e-01 
1.217789e+00 -6.321687e-01 
6.368417e-01 6.870682e-01 
1.476445e+00 6.809156e-01 
1.254448e+00 3.350663e-01 
5.803767e-01 2.717221e-01 
1.187491e+00 5.696561e-01 
1.258090e+00 5.216638e-01 
5.776730e-01 -6.315389e-01 
1.232905e+00 3.144796e-01 
6.771872e-01 4.949098e-01 
1.288088e+00 5.992790e-01 
1.398689e+00 6.855712e-01 
5.282873e-01 3.624831e-01 
6.131425e-01 2.895238e-01 
6.345993e-01 -6.579536e-01 
5.608869e-01 -6.887137e-01 
1.468208e+00 3.845879e-01 
5.284209e-01 3.149291e-01 
5.173454e-01 -5.269911e-01 
1.478465e+00 5.882129e-01 
1.433838e+00 -1.158888e-01 
7.615628e-01 -6.870983e-01 
1.253757e+00 -6.189051e-01 
5.608361e-01 -4.179655e-01 
1.043770e+00 6.582933e-01 
5.955182e-01 6.905830e-01 
5.300735e-01 -6.893106e-01 
1.389143e+00 -2.851248e-01 
7.521695e-01 -2.236281e-01 
1.452908e+00 -5.374303e-01 
5.867720e-01 -7.465566e-02 
1.170593e+00 -6.022087e-01 
1.443291e+00 3.282896e-01 
5.919673e-01 6.314952e-01 
1.190964e+00 2.977121e-02 
1.242867e+00 -5.941111e-01 
1.349274e+00 -1.173994e-01 
5.351803e-01 4.394551e-01 
5.732069e-01 1.731761e-01 
6.316833e-01 5.440230e-01 
8.659775e-01 -2.304286e-01 
1.193026e+00 6.851569e-01 
6.087939e-01 2.870774e-01 
1.202068e+00 7.120768e-02 
5.564643e-01 4.755848e-01 
1.243130e+00 -5.244450e-01 
8.785500e-01 -2.878307e-01 
7.180914e-01 1.781445e-01 
1.120315e+00 2.872203e-01 
1.475338e+00 6.555525e-01 
1.242418e+00 -5.801254e-01 
6.701648e-01 -5.586347e-01 
5.390168e-01 -2.065120e-01 
8.331714e-01 -6.482092e-01 
1.426795e+00 6.729369e-01 
1.471736e+00 -4.288908e-01 
9.126260e-01 6.630794e-01 
1.460277e+00 6.521212e-01 
9.011052e-01 1.092414e-01 
1.211620e+00 3.740699e-01 
6.664878e-01 5.606409e-01 
5.969486e-01 -4.897389e-01 
5.628741e-01 -6.168444e-01 
5.539500e-01 -6.537419e-01 
5.253833e-01 2.122509e-01 
1.482474e+00 -1.988166e-01 
5.750340e-01 7.433503e-02 
1.408481e+00 3.603316e-02 
5.341110e-01 2.966770e-01 
5.502206e-01 -2.242119e-01 
1.426274e+00 5.672377e-01 
5.542147e-01 4.785939e-01 
8.305995e-01 2.935228e-01 
7.936613e-01 -1.641743e-03 
8.170008e-01 5.358642e-01 
5.687415e-01 -6.802404e-01 
8.851048e-01 -2.694439e-01 
9.128209e-01 6.790573e-01 
5.709138e-01 3.670880e-02 
1.079181e+00 2.014722e-01 
9.697598e-01 5.503824e-01 
1.324177e+00 6.783321e-01 
9.850917e-01 -2.747253e-01 
1.072956e+00 -2.182949e-01 
1.467942e+00 6.507073e-01 
7.918974e-01 5.374984e-01 
5.741475e-01 -2.583581e-01 
1.479664e+00 4.996363e-01 
9.165326e-01 4.187382e-01 
1.481861e+00 -1.964842e-01 
1.023421e+00 -4.526258e-03 
1.413578e+00 2.386456e-01 
8.623981e-01 2.625127e-01 
6.279084e-01 3.196937e-01 
1.341609e+00 -1.596011e-01 
1.437485e+00 -6.070652e-02 
5.217697e-01 -6.886650e-01 
5.279085e-01 -9.014514e-02 
7.803365e-01 -4.910987e-01 
6.413693e-01 2.219547e-01 
9.065010e-01 -6.356331e-01 
1.476774e+00 -4.407822e-01 
1.448060e+00 5.320951e-01 
5.237756e-01 -5.969329e-01 
1.163323e+00 5.924697e-01 
9.412014e-01 4.262041e-01 
1.372247e+00 -5.308530e-01 
1.324805e+00 1.971179e-01 
1.470957e+00 6.394809e-01 
1.421335e+00 3.861742e-01 
9.941475e-01 -1.551023e-01 
1.312950e+00 -1.188237e-01 
9.326309e-01 -6.004680e-01 
7.795693e-01 4.354088e-01 
1.079393e+00 -6.830189e-01 
6.214568e-01 2.647467e-01 
1.473418e+00 -2.390636e-01 
1.424448e+00 6.902358e-01 
6.824029e-01 -2.209384e-01 
1.315151e+00 5.369657e-01 
5.979822e-01 -4.699783e-01 
7.389502e-01 -4.130348e-01 
1.127886e+00 6.806657e-01 
9.456797e-01 -6.191075e-01 
1.481277e+00 -3.035146e-01 
1.115031e+00 -6.832837e-01 
6.583607e-01 -2.751104e-01 
9.880683e-01 6.670523e-01 
1.331094e+00 -2.958680e-01 
1.185121e+00 -6.321858e-01 
1.285720e+00 3.739895e-01 
8.325541e-01 -5.403202e-01 
1.083313e+00 -6.588794e-01 
1.297483e+00 4.509194e-01 
1.385052e+00 3.472164e-01 
1.482381e+00 -4.337486e-01 
1.474593e+00 6.379912e-01 
1.162667e+00 -2.782321e-01 
6.896930e-01 -9.964264e-03 
1.284982e+00 -6.880814e-01 
1.108343e+00 -4.861653e-01 
7.177383e-01 -4.455135e-01 
9.178963e-01 -3.055386e-01 
8.175190e-01 -2.610571e-01 
5.911813e-01 5.919940e-01 
5.686027e-01 -6.912974e-01 
5.710788e-01 6.415064e-01 
6.040014e-01 -4.303452e-02 
6.838376e-01 -6.644692e-01 
7.511809e-01 6.835814e-01 
5.566639e-01 7.532652e-02 
1.007051e+00 6.575798e-01 
8.807340e-01 6.782498e-01 
1.027760e+00 2.361328e-01 
5.173405e-01 5.238961e-01 
1.451275e+00 4.917766e-01 
9.109157e-01 -1.372266e-02 
5.291411e-01 -1.925015e-01 
5.912961e-01 3.509937e-01 
8.512458e-01 3.187350e-01 
1.452777e+00 6.034554e-01 
6.026341e-01 3.821943e-01 
9.265359e-01 -1.600561e-01 
1.076425e+00 6.842357e-01 
9.419207e-01 1.919539e-01 
1.054716e+00 6.860921e-01 
1.318009e+00 2.059737e-01 
5.381576e-01 -6.636930e-01 
1.348742e+00 5.674959e-01 
7.228163e-01 6.876959e-01 
1.347670e+00 -3.053236e-01 
1.287278e+00 6.910537e-01 
6.049919e-01 -3.343407e-01 
9.622633e-01 2.642981e-01 
8.133420e-01 -7.898254e-02 
1.174151e+00 1.250581e-02 
5.234952e-01 1.549601e-01 
6.481890e-01 -2.728940e-01 
7.007743e-01 2.914490e-01 
1.464028e+00 6.889125e-01 
1.482624e+00 4.063848e-01 
5.309850e-01 -4.381327e-01 
1.430246e+00 -4.153071e-01 
1.187504e+00 -6.697482e-01 
1.446342e+00 6.913893e-01 
1.415115e+00 -5.041991e-01 
1.482354e+00 -6.902100e-01 
5.344391e-01 5.881913e-01 
1.091782e+00 -6.437998e-01 
1.380807e+00 4.351284e-01 
6.913947e-01 6.805689e-01 
9.191157e-01 -2.635394e-01 
6.448765e-01 -6.093424e-01 
6.478238e-01 6.865355e-01 
5.294899e-01 -5.558166e-02 
5.293986e-01 -2.962969e-01 
1.481581e+00 5.595052e-02 
9.028883e-01 2.203664e-01 
1.479600e+00 2.762138e-01 
1.331850e+00 5.186783e-01 
1.375890e+00 2.945558e-02 
1.251302e+00 -5.013746e-01 
1.251911e+00 6.849607e-01 
1.195516e+00 -5.951740e-01 
1.304709e+00 -6.163517e-01 
7.260399e-01 1.293869e-01 
1.482304e+00 2.181546e-01 
7.022480e-01 -5.044467e-01 
7.630513e-01 2.302602e-01 
1.186811e+00 -6.634945e-01 
1.462422e+00 -1.704603e-01 
7.891383e-01 6.260386e-01 
5.677689e-01 2.018561e-01 
1.470405e+00 6.713987e-01 
1.017621e+00 6.271744e-01 
7.789666e-01 -3.397982e-01 
1.384482e+00 -3.497904e-01 
1.276886e+00 -2.558571e-01 
5.396587e-01 -6.894518e-01 
5.984331e-01 3.866460e-01 
7.731835e-01 -1.597856e-02 
5.447197e-01 -5.336916e-01 
7.428715e-01 2.325954e-01 
1.078126e+00 5.951777e-01 
8.561760e-01 6.708312e-02 
1.399517e+00 -2.984001e-02 
7.907433e-01 1.140918e-01 
9.630186e-01 -3.179693e-01 
8.374801e-01 -6.317768e-01 
5.173419e-01 -6.356648e-01 
5.173175e-01 -2.123990e-01 
1.182221e+00 -6.561149e-01 
1.481507e+00 1.621711e-01 
1.265525e+00 8.909385e-02 
1.459138e+00 -4.728962e-01 
8.886358e-01 -6.724145e-01 
1.474331e+00 6.914188e-01 
5.374881e-01 -6.147199e-01 
1.055567e+00 6.482678e-01 
1.292118e+00 6.686890e-01 
7.332805e-01 -7.287683e-02 
7.884637e-01 -4.732530e-01 
1.351620e+00 5.234221e-01 
5.200058e-01 -6.031294e-01 
1.472292e+00 1.625343e-02 
1.118185e+00 3.880554e-02 
1.482309e+00 6.858797e-01 
1.348524e+00 -3.298480e-01 
1.476410e+00 -6.723802e-01 
1.009516e+00 -3.348862e-01 
1.138138e+00 6.507812e-01 
1.328723e+00 3.882038e-01 
1.391255e+00 -4.692048e-01 
6.838978e-01 -6.905175e-01 
7.984415e-01 6.319394e-01 
1.452428e+00 5.012740e-01 
1.435532e+00 4.978567e-01 
1.335170e+00 6.662076e-01 
1.148626e+00 -5.649937e-01 
5.385602e-01 5.972144e-02 
6.130369e-01 6.711848e-01 
5.185129e-01 -6.888558e-01 
1.448419e+00 -4.570959e-01 
1.161059e+00 3.838678e-01 
5.208580e-01 -6.254771e-01 
6.613088e-01 6.021230e-01 
1.407520e+00 -4.634233e-01 
1.466191e+00 6.671830e-01 
1.475452e+00 -6.112092e-01 
1.075915e+00 -3.597512e-01 
5.816291e-01 -2.891681e-01 
5.240055e-01 -6.891450e-01 
5.816311e-01 -4.696336e-01 
1.034413e+00 6.643957e-01 
1.331752e+00 6.013682e-01 
1.446493e+00 6.463657e-03 
6.912376e-01 5.523635e-01 
1.478742e+00 4.267026e-01 
7.682049e-01 -6.767748e-01 
6.577581e-01 -6.612093e-01 
1.108591e+00 3.435590e-01 
1.317619e+00 6.385225e-01 
1.402787e+00 -5.727507e-01 
1.032478e+00 6.169246e-01 
1.214023e+00 1.062786e-01 
8.572936e-01 1.360670e-02 
5.396353e-01 -6.871267e-01 
5.350651e-01 6.857298e-01 
9.737109e-01 -3.186047e-01 
5.503528e-01 3.437957e-01 
9.799219e-01 -5.227656e-01 
9.528215e-01 2.321088e-01 
1.009600e+00 -1.663147e-01 
8.809295e-01 2.517062e-01 
5.305744e-01 -3.158413e-01 
1.314517e+00 -2.742027e-01 
1.237398e+00 -4.545365e-01 
1.192632e+00 5.300253e-01 
6.296689e-01 2.203242e-01 
5.527620e-01 6.841557e-01 
1.460233e+00 -5.182615e-01 
1.424269e+00 1.058570e-01 
9.866434e-01 -6.335639e-01 
1.242335e+00 -6.246360e-01 
1.130657e+00 -6.899873e-01 
1.482340e+00 -3.506896e-01 
1.479788e+00 -4.046282e-01 
8.370945e-01 -6.859615e-01 
1.480842e+00 -5.397632e-02 
1.471799e+00 -4.354320e-01 
8.701986e-01 -4.680064e-01 
1.163491e+00 -6.872921e-01 
8.975267e-01 5.793955e-01 
1.362097e+00 -6.807890e-01 
7.973792e-01 5.919807e-01 
9.655361e-01 5.821586e-01 
1.481921e+00 1.931568e-01 
6.330967e-01 -3.886986e-02 
1.413862e+00 6.645244e-01 
1.476087e+00 -1.141912e-01 
9.643908e-01 -7.414808e-02 
6.117350e-01 -5.361306e-01 
1.352816e+00 4.468661e-01 
1.165942e+00 -2.535549e-01 
1.311703e+00 6.446217e-01 
1.415033e+00 5.195420e-02 
1.231480e+00 -4.634373e-01 
6.957618e-01 6.830955e-01 
5.324126e-01 4.298645e-01 
1.113835e+00 4.659351e-01 
1.077181e+00 4.584573e-01 
1.060609e+00 3.318650e-01 
1.383485e+00 6.887950e-01 
1.479193e+00 -6.701914e-01 
1.215513e+00 2.113423e-01 
5.916310e-01 4.748920e-01 
1.479891e+00 2.246014e-01 
1.456006e+00 -4.918975e-01 
6.457543e-01 -3.601001e-01 
1.157158e+00 1.967620e-01 
6.207306e-01 6.913116e-01 
1.371736e+00 -2.056326e-01 
1.186108e+00 3.556956e-01 
1.476978e+00 1.191090e-01 
9.613744e-01 -5.161605e-01 
1.445659e+00 2.029832e-01 
1.331620e+00 -3.671443e-01 
7.685507e-01 6.842370e-01 
9.043610e-01 -6.816746e-01 
1.464063e+00 -3.163961e-01 
5.996868e-01 -6.127909e-01 
6.899473e-01 -6.481327e-01 
1.044061e+00 -5.711597e-01 
1.168631e+00 6.843552e-01 
8.841652e-01 -2.671569e-01 
9.881697e-01 3.045990e-01 
1.481131e+00 2.863347e-01 
8.613946e-01 -1.114895e-01 
1.137516e+00 3.935574e-01 
1.443213e+00 4.010957e-01 
5.242043e-01 5.757434e-01 
8.352924e-01 4.554499e-01 
5.884619e-01 -2.632454e-01 
5.782224e-01 -6.825866e-01 
1.434857e+00 -6.326528e-01 
1.457399e+00 3.268264e-01 
1.300300e+00 5.637434e-01 
1.236373e+00 -6.806526e-01 
7.190810e-01 -6.265851e-01 
1.474925e+00 2.323216e-01 
1.158773e+00 6.887374e-01 
1.023843e+00 -6.896189e-01 
7.906414e-01 5.574534e-01 
1.388577e+00 6.434964e-01 
9.242512e-01 -6.057726e-01 
1.482450e+00 6.366356e-01 
1.322471e+00 3.218355e-01 
1.147337e+00 -6.790648e-01 
5.512572e-01 2.081660e-01 
7.813276e-01 -6.128702e-01 
9.690172e-01 5.757081e-03 
1.246344e+00 -2.811147e-01 
1.477833e+00 -6.502201e-01 
5.439825e-01 1.944114e-01 
8.896226e-01 -6.479764e-01 
5.603684e-01 2.994892e-01 
9.248903e-01 3.540628e-01 
1.201781e+00 6.169710e-01 
1.113677e+00 4.162818e-01 
1.253332e+00 4.165993e-01 
1.240609e+00 -2.428827e-01 
8.023031e-01 1.231559e-01 
5.578416e-01 -6.813540e-01 
9.417204e-01 5.160865e-01 
1.471041e+00 2.457123e-01 
6.318889e-01 -1.213510e-01 
1.466626e+00 -1.163519e-01 
1.008843e+00 -5.512226e-01 
6.029477e-01 -6.899946e-01 
5.184807e-01 2.414252e-01 
5.193291e-01 -3.721159e-01 
9.866085e-01 -5.265547e-01 
1.415049e+00 -6.913966e-01 
1.340263e+00 3.164543e-01 
5.259069e-01 3.148114e-01 
1.308775e+00 -5.528414e-01 
1.268334e+00 -6.142487e-01 
8.744043e-01 6.913936e-01 
1.170056e+00 -6.871789e-01 
9.420114e-01 -1.556143e-01 
9.791632e-01 6.913459e-01 
8.053651e-01 -8.809128e-02 
5.346193e-01 -2.311425e-01 
7.912325e-01 -4.449900e-01 
6.401292e-01 6.659749e-01 
6.154196e-01 -5.589924e-01 
1.481331e+00 -1.979178e-01 
1.451756e+00 -6.864329e-01 
1.315326e+00 -6.814656e-01 
6.537255e-01 -1.057199e-01 
1.446128e+00 2.052132e-02 
1.358353e+00 2.449996e-01 
1.467997e+00 -2.720783e-01 
1.388633e+00 -1.181396e-01 
1.481645e+00 2.777531e-01 
1.432977e+00 -6.853763e-01 
8.798278e-01 -6.691028e-01 
1.069070e+00 1.784449e-01 
8.385825e-01 -5.907849e-01 
1.350877e+00 -4.863679e-02 
1.001056e+00 2.219948e-01 
8.521323e-01 -6.156893e-01 
1.031644e+00 -5.541002e-01 
5.470031e-01 6.905410e-01 
1.098459e+00 2.681388e-01 
5.261491e-01 -4.359239e-02 
5.250300e-01 5.759767e-01 
1.366125e+00 3.782481e-01 
1.167205e+00 -5.425046e-01 
1.298579e+00 -4.869585e-01 
1.103566e+00 2.527519e-01 
1.231883e+00 -8.214079e-02 
5.189099e-01 -2.601222e-01 
1.168481e+00 -2.914211e-01 
8.037473e-01 -6.058741e-01 
5.186654e-01 -6.847827e-01 
1.482032e+00 1.504187e-01 
1.465122e+00 6.008137e-01 
1.350581e+00 -3.410045e-01 
1.045515e+00 6.886378e-01 
5.287882e-01 -6.110009e-01 
1.474031e+00 6.310341e-01 
1.434726e+00 -4.850038e-01 
1.050659e+00 -5.413214e-01 
8.051603e-01 4.045047e-01 
1.447372e+00 -1.723365e-01 
5.569085e-01 -2.825290e-01 
8.586180e-01 6.606941e-01 
5.975621e-01 6.876301e-01 
7.400896e-01 -6.033796e-01 
8.705403e-01 -4.831080e-01 
8.872651e-01 -6.660308e-01 
1.468868e+00 -6.837961e-01 
6.491128e-01 -5.199580e-01 
1.045717e+00 -5.434906e-01 
5.710136e-01 5.378806e-01 
6.287321e-01 5.050031e-01 
5.803200e-01 2.048657e-01 
6.703638e-01 7.155327e-02 
1.426758e+00 -2.396513e-01 
1.140204e+00 2.033661e-01 
5.298489e-01 -6.638146e-01 
5.915400e-01 -6.218218e-01 
5.184052e-01 6.911229e-01 
1.481330e+00 3.080082e-02 
5.321154e-01 5.881296e-01 
5.761017e-01 -1.913402e-01 
7.327851e-01 6.616748e-01 
7.352873e-01 5.899724e-01 
7.101114e-01 6.914315e-01 
1.473553e+00 -6.487686e-01 
1.383898e+00 -5.849599e-02 
1.164127e+00 4.467849e-02 
1.309519e+00 -5.549669e-01 
1.480701e+00 1.171525e-01 
7.275289e-01 2.880619e-01 
8.774414e-01 6.900527e-01 
1.049961e+00 5.348624e-01 
1.170143e+00 -4.384799e-01 
5.286088e-01 -6.796008e-01 
5.258540e-01 6.769266e-01 
